261.142 438.113
278.824 434.594
297.297 432.576
314.457 431.422
329.503 429.142
346.868 426.945
363.887 424.775
381.085 423.295
398.376 421.886
412.063 418.681
429.12 417.778
447.087 417.097
461.407 413.436
477.642 413.455
492.11 410.539
508.483 408.057
522.757 406.362
541.6 405.112
553.84 402.837
569.2 401.738
582.872 398.452
257.425 282.669
257.48 299.727
258.408 318.049
259.011 335.416
258.874 351.935
261.665 369.821
260.079 385.535
261.246 404.061
259.464 420.809
594.029 258.283
591.302 273.4
591.641 290.914
592.191 306.533
589.788 323.107
587.365 337.889
588.289 354.642
585.865 369.428
584.48 384.819
257.152 263.383
276.187 264.184
294.035 262.527
310.986 260.239
331.417 259.439
347.451 258.511
365.43 257.249
383.811 256.847
400.882 253.836
416.116 253.72
434.866 252.365
451.142 251.077
467.684 250.472
482.322 248.703
500.716 246.84
516.31 246.047
532.809 245.363
547.985 244.222
563.113 244.089
579.852 242.395
595.517 240.68
228.615 371.002
245.797 369.519
258.795 367.492
274.868 365.753
291.288 365.938
304.934 363.884
317.3 361.752
332.418 359.616
347.821 358.397
361.367 357.858
376.552 356.117
390.343 355.213
404.11 352.801
418.675 349.657
433.187 351.305
444.401 350.276
458.143 348.151
474.144 348.125
484.966 346.047
497.527 343.092
511.3 342.458
226.312 236.175
225.286 249.655
226.536 267.639
226.722 281.505
228.089 298.02
228.082 311.508
228.77 326.229
228.018 341.2
229.149 355.297
518.557 219.74
518.205 231.341
516.335 245.193
516.882 260.642
515.781 274.9
513.744 289.843
513.507 301.791
512.833 315.148
512.685 329.435
226.492 222
241.923 220.629
259.309 220.428
272.45 218.316
287.634 217.864
303.053 216.89
318.237 216.21
332.729 214.65
348.217 212.786
361.688 212.924
378.583 212.15
392.58 210.092
406.689 210.57
420.395 207.85
436.083 208.561
448.635 207.652
463.995 207.552
477.162 204.618
491.431 205.589
504.03 204.529
519.051 205.867
257.912 429.891
256.508 429.116
254.256 422.15
250.144 414.789
247.657 407.71
246.012 403.303
241.316 395.873
236.898 387.346
236.44 382.699
232.738 377.616
576.526 393.834
576.077 393.181
565.785 385.868
559.952 381.419
552.838 374.956
545.315 369.233
539.459 365.643
530.321 356.055
523.787 353.052
518.146 349.145
255.489 261.293
254.248 260.126
250.121 254.316
248.582 250.79
243.505 245.263
238.785 240.199
237.508 237.608
233.237 232.792
231.314 228.393
229.204 224.368
585.126 235.922
585.377 236.688
578.244 233.403
568.959 229.665
560.058 223.429
554.4 219.747
544.858 217.151
538.42 214.173
533.363 210.089
524.274 205.583