118.823 341.264
139.804 340.058
159.596 338.553
179.188 339.066
200.606 341.997
219.716 340.175
240.109 339.836
260.664 340.141
280.605 339.63
299.577 339.659
320.358 340.516
340.314 339.612
361.54 340.163
378.691 338.898
398.848 338.834
420.077 338.018
440.975 340.121
462.062 337.392
480.846 338.752
500.143 338.197
523.028 340.416
119.507 160.008
118.839 178.896
118.769 199.163
119.716 219.854
119.537 239.354
121.819 260.191
121.208 280.105
118.582 298.878
119.495 322.131
522.435 160.13
522.258 180.558
522.29 200.333
522.089 217.612
520.368 238.307
521.318 259.76
521.001 278.35
520.493 298.68
520.618 319.267
120.481 139.296
140.56 140.96
160.061 140.277
179.958 140.021
201.764 139.533
220.152 139.908
240.012 139.135
260.026 138.853
281.609 138.413
298.978 138.882
321.749 139.279
340.556 138.347
360.821 139.174
380.296 139.902
400.591 136.831
422.32 139.473
441.276 138.205
462.631 140.231
480.105 139.382
501 138.073
522.635 138.613
153.144 325.385
170.434 323.888
186.227 324.257
202.869 322.626
220.222 323.499
235.948 322.759
252.155 323.615
271.193 324.328
287.423 322.903
303.566 324.027
319.628 321.764
338.059 324.222
355.597 323.893
371.569 320.128
387.171 321.632
402.905 323.622
421.793 324.523
437.228 321.776
453.62 323.313
470.561 322.264
487.548 322.502
153.069 171.986
154.11 189.095
153.562 207.57
153.62 223.194
152.173 239.32
153.543 256.261
153.983 273.145
153.142 290.601
154.404 307.404
489.877 175.291
490.404 189.145
489.184 205.645
487.727 221.001
488.008 238.833
486.093 256.484
487.741 272.258
487.723 288.623
489.269 307.158
152.844 155.864
170.686 156.8
187.544 155.945
203.897 156.624
219.379 156.078
235.159 154.88
253.027 156.198
269.685 155.932
287.66 155.465
303.841 157.431
320.859 155.417
337.367 154.465
354.363 156.556
370.922 155.004
387.913 155.329
404.561 156.909
420.988 155.858
438.582 155.225
454.268 155.582
469.389 154.946
486.825 156.316
122.419 337.805
123.473 339.28
127.521 336.906
130.81 335.163
133.927 332.03
137.71 332.02
141.786 331.64
143.644 327.494
146.889 325.556
149.114 325.279
517.996 337.423
516.993 336.163
513.946 336.619
509.064 333.327
505.812 330.745
502.776 329.756
498.693 328.296
496.616 325.497
492.806 325.785
489.647 324.571
122.356 140.472
123.81 141.849
128.296 143.905
132.774 145.943
135.287 147.325
137.714 148.788
140.05 149.498
144.777 153.095
147.396 152.731
152.631 155.583
518.328 141.773
517.132 141.117
514.158 143.206
508.583 144.76
507.264 147.296
503.11 145.865
498.906 150.234
496.273 151.992
495.126 152.359
491.65 154.685
